12904
9564
8138
5640
2196
8918
7862
12551
8365
14260
14981
3780
6327
11949
13174
12328
2053
5952
10845
7753
12095
9408
8468
5773
9321
11782
8349
11816
6485
2069
4585
6318
7646
11997
10848
11767
4401
3755
13572
11549
14969
8721
12310
7546
7217
12600
5056
11829
8798
14194
9129
10913
13863
10300
3630
14704
4695
12384
6204
14915
13937
12004
13396
7602
7721
12575
15057
9199
12512
12029
9212
2599
7185
8627
8561
11672
11390
11779
12369
7239
11977
2801
12037
10771
3356
14585
5335
10239
6188
13347
12468
6181
11260
11799
10030
11956
14792
13532
8692
11267
13594
9880
8728
12717
12910
11711
5109
12407
6447
8499
9347
13424
10776
14405
14881
14370
9818
8572
10095
13099
11925
9612
12782
13349
10992
9338
8296
6337
7211
7889
13256
15188
9935
7184
10351
13894
7590
13132
2056
14755
12139
14251
9659
11824
7207
14678
5069
10015
8677
2040
8930
6235
12110
8216
8823
13370
13940
9309
12864
13426
12574
14119
12137
9643
7189
14184
8829
13686
11797
9658
8256
4870
9764
10794
12583
13868
6882
6108
5275
9506
3841
5285
12887
11792
7973
9350
4893
14840
12868
13533
5857
13510
6020
6372
9065
14720
10898
12026
8013
13555
9574
2072
12642
9890
9721
8065
6392
12382
12300
15028
11905
7633
13504
10194
11763
13414
15055
14668
9552
4356
12785
13738
11031
12320
7084
6911
9874
14069
15033
11030
9009
11235
12869
5832
11281
14015
9277
13389
14965
8811
14610
6426
14920
6427
5562
9353
11919
8174
12172
10328
6416
9042
12065
11934
13143
13740
14609
10784
11174
2217
8543
14960
11292
4476
8384
11478
8495
12865
7864
11755
8220
3696
8706
5083
13264
6558
8218
12440
13404
12544
9832
11206
4554
9330
3525
14992
10458
14768
11754
7318
13829
14662
12669
8009
13436
2118
4654
12587
3743
8046
4477
7129
14895
11032
5709
8165
12006
10986
12486
7268
15189
5930
12108
7628
14158
8759
5098
12958
6370
12245
14566
9711
11839
14292
5714
8841
9155
8292
14376
14277
5712
13983
15101
12879
11263
12902
13032
13811
13451
10791
13518
13637
12640
14518
12429
13136
4580
13872
10997
13799
10305
9275
7631
14443
12367
10314
13796
8754
7812
11208
8385
14423
14756
13322
12628
8051
12765
4821
10390
11994
6286
14597
3698
8219
12524
13939
9180
11817
13157
12986
8571
6174
9638
8124
13573
14735
2428
9882
12314
12576
11680
10850
12341
8956
8676
7760
12169
9480
10370
2797
11465
10210
7172
8288
3839
12680
8264
9902
14899
3717
4407
6425
8414
11036
3768
8837
11348
9131
9680
7695
7220
12992
10770
13818
10060
12027
6192
9879
8755
14961
7942
9181
11904
14600
12085
12718
12046
6324
9729
10858
4427
7228
14896
8069
14825
11675
10841
9897
9904
3388
3769
11268
11429
10995
8509
14356
13530
7685
8128
8125
10449
12286
12998
11778
8155
12597
3123
10113
6786
8284
11746
5367
5865
8268
6328
10190
11703
12578
9918
9286
13022
12526
8716
7735
5613
5656
14533
6289
7701
14516
6375
14373
13187
12243
9504
4955
4076
11809
9693
13054
12725
5327
9362
10102
7983
7824
14024
12218
10984
5346
12171
7174
15001
10017
9218
12577
4544
10994
4439
10079
12031
5239
8960
11252
10074
9114
8584
8341
9673
8580
8189
6590
13887
12409
12228
7708
12847
11889
6804
12814
13394
13820
12219
3729
8935
6129
10003
13159
11764
13307
12239
14750
6550
9695
7475
12867
7321
8439
13996
11255
12173
5763
7939
6076
14498
12271
7613
13952
4368
5818
13627
11532
7759
8244
11430
14295
9919
13455
13111
2594
7224
9647
14092
8877
6443
7636
13886
6843
11205
11245
11993
9726
4419
12823
11473
10788
9568
8834
11039
8291
10103
8038
8752
12458
12964
13070
8642
14725
7300
13909
9894
6835
12292
9745
6422
3960
4417
14457
9604
10173
12430
13498
13190
9272
3750
14427
12604
14177
7936
15027
13163
9626
3749
4970
13861
3313
12925
5247
14186
9193
4500
7532
4861
9703
8971
12283
2524
9804
12893
9861
11898
14812
10116
15110
8857
14644
9008
9210
13639
8555
10296
3657
6584
10121
5071
8831
11827
12875
7785
4426
12917
13315
3831
12538
10372
9419
14813
12555
9217
9828
9368
9810
4443
11163
6632
8091
14656
10227
3781
14366
10376
14625
4930
3741
7181
8172
14558
10813
6933
6326
8644
10264
6852
6844
3398
13884
11882
11891
2421
4065
5298
6186
5041
9178
12634
13648
8954
6515
13851
14613
6231
15183
13183
5093
14623
5102
11740
14615
3126
7780
10359
12959
14400
10469
11526
7859
11261
10978
2464
13083
3919
9413
9510
11312
3908
3121
8258
14121
8853
14898
14185
12346
8619
11464
9982
11346
12509
9303
10381
8131
5375
12779
7794
13850
5096
13338
8498
6840
11222
5864
7783
7296
10977
8358
8392
10252
6180
5070
9003
4445
10433
11762
12140
15058
8310
9665
11766
14407
15075
6291
10251
12961
9098
14051
14279
8043
13363
12966
13383
14726
10354
7988
7737
8611
10989
14181
7226
13438
5251
14816
10391
10919
13138
9617
13789
13961
7720
13997
6115
9522
10316
6275
9311
9412
5659
8254
9762
12516
6488
15150
5085
13280
13636
10892
8670
9720
14072
7704
14688
14702
12455
15053
3659
3450
9627
11884
12232
13806
8466
10358
6358
12210
3324
9339
10259
14252
14039
6856
13638
14571
14819
8957
8932
12784
5045
6534
5665
14300
7612
14939
10245
11999
11266
9549
14849
3470
5117
3518
13773
12062
9613
6747
11846
9660
13473
11640
6055
7242
2795
5299
7143
8975
11773
10941
6878
14568
7691
5075
12462
13907
10789
8710
10016
10271
12841
8283
11790
14711
12773
5044
11520
10099
14996
14514
9415
9391
9870
14257
8234
12304
8547
11236
13875
11758
12433
9561
5296
14499
13254
11751
9521
7934
9805
11908
5089
4610
9865
10888
5804
3131
10998
5658
10158
11658
14337
12132
13416
9067
8045
9234
13941
9885
14621
10786
8305
12835
7157
6317
13830
13679
5016
12769
6741
14817
13369
8815
3820
13862
12019
10109
3840
13661
8321
13184
10229
8895
10166
11256
12616
14418
11287
11461
13810
6538
12130
10339
9663
14748
7621
11366
7570
8202
14139
9806
11538
7638
14860
11857
11004
8567
9348
8651
7776
14991
12562
14606
9169
7329
12714
12184
4865
4342
10854
5638
6504
11391
10883
6429
11954
12198
14270
13979
10242
13817
14715
12698
8442
5694
8969
8330
5238
11474
7203
6743
3843
9787
14956
13833
12811
3884
9285
10968
11505
8464
8510
12351
13263
6446
7530
9718
10247
5696
10100
11935
8698
8222
7894
7108
12703
2465
4817
6395
8683
8298
12622
3705
10863
14800
13749
12365
9442
4584
3380
5801
8679
7952
4067
14382
12528
13580
9758
9619
15141
2292
14846
3650
7807
8966
13062
5799
6365
10405
7648
14738
8338
15119
14434
11042
10107
11052
11736
5559
5699
6431
9159
14374
8126
12723
11422
14611
14140
5115
12212
5234
13103
6517
14675
11886
14403
14019
7731
8270
7303
14626
10799
12182
2039
7968
7265
10967
8363
14188
9433
10940
14639
12023
11466
15175
9395
11862
14023
7206
12075
9922
9778
2289
12022
5543
4552
13030
6794
6285
2800
9334
10214
12072
4489
2753
2046
14149
15199
9228
11463
9200
6362
3783
13371
14564
7099
8958
10832
9100
9456
13476
2283
14716
14959
10341
13368
11033
7119
14477
3674
13869
11003
12724
2225
7123
14976
10061
11848
4949
13812
12930
9639
14049
13515
5067
9388
8236
10452
5237
7604
10795
10299
13819
7133
11655
12247
12990
6892
10123
3524
7102
2041
5931
5642
7313
11718
11195
4404
7766
9010
11290
12861
12461
13432
8130
8168
10462
15103
11670
11191
4902
9201
12315
6788
7986
10957
3846
6904
8309
8986
13398
5338
10329
9735
6894
5811
6742
11331
9443
4813
12693
10902
9684
9623
12274
9739
12058
5685
11838
14301
8540
5052
10096
13214
4355
7186
5105
5556
12432
4068
5221
14045
14669
11786
11992
12974
9346
14464
3474
3390
10064
14013
12244
13463
10904
6900
14760
14873
12911
11744
5812
11448
13141
12205
14766
5086
12612
12546
14883
7809
7077
7227
13784
11501
15026
11378
12757
6323
10844
3904
8377
6918
5416
6881
5094
11926
7103
4351
10945
5073
12276
11035
11539
14868
12536
10254
13406
10424
11225
12191
10250
6390
2045
9565
12667
13395
14068
5053
9542
14679
3389
14845
12588
8511
12711
13814
13669
14953
5113
12502
12621
12039
13427
11248
10371
10834
9661
3738
5326
9001
10417
4420
4446
7202
8369
12147
8818
13255
4333
9748
12639
12370
4820
10847
8035
10466
5003
13382
8390
10859
5940
14682
13767
11484
11630
10881
6920
9499
12842
4070
5220
12582
9057
10058
2723
7757
11428
2364
8628
9867
12330
8502
14553
13020
11212
10318
8596
12190
8255
8400
13496
8886
14822
11050
8040
14209
13579
3793
10193
11220
5950
15095
13014
13167
7243
11345
6367
14256
3464
7672
6787
2492
13606
14821
9989
3909
8858
14791
10955
13999
11768
6566
3632
5819
13885
3372
8569
8870
11852
14492
15124
7899
13017
8631
13609
12196
8775
14889
15008
10935
7777
13770
4444
8353
12241
2922
12101
9135
9436
11880
4371
15205
13713
8408
8663
12442
9534
10772
9250
12397
14980
10934
9821
11813
14421
7667
11818
13106
8233
8833
6257
14947
11483
11199
3871
11527
15072
10416
9887
13649
3842
2068
7959
12199
8508
9147
13635
12778
13129
5752
7545
3764
8802
5341
9888
11279
4442
9994
10248
12277
6185
6912
10965
13196
8904
9796
8503
13619
13578
7855
2106
7585
9037
12880
7683
5602
5551
6917
9061
11475
12221
10156
13989
14808
4885
9236
12487
6437
3814
4608
13944
8238
14985
10072
4714
12882
11546
14893
5768
6802
13512
10001
10257
11337
12852
8900
11499
13130
5706
7700
13742
14176
3691
14763
14280
7297
7632
5654
12295
13793
5716
11374
9184
9059
11389
10876
9910
4135
3648
13164
6874
10982
14627
6241
9872
4133
9814
13613
4553
13186
7972
11203
11656
8213
7233
8147
7784
12630
6419
2540
11239
10932
7970
13967
6861
9920
10936
10887
3631
14798
9637
9194
9991
14879
8469
14444
9026
3763
14017
8273
14549
9221
10240
11498
8320
13359
13408
6889
13444
14305
11738
10873
8756
10133
14997
10013
3704
12287
8576
3918
9276
9871
13191
13474
9779
9786
14967
12215
10292
4818
8221
14212
7806
12035
14152
9293
12099
8764
10255
11159
14797
12585
8269
9066
15151
4529
10942
6518
10877
6406
13781
12572
13387
12763
15152
8732
4578
11388
8888
15118
12222
8671
6240
12242
5710
7982
7105
11828
13491
8446
3374
4629
13786
14586
15182
9019
7703
14432
5241
10155
11897
12426
6865
9439
12963
14318
12078
10077
8610
4543
10282
14027
7686
5821
6853
7323
9792
14674
7597
7205
12800
13962
14495
4935
14148
3473
3756
10622
9892
10807
14479
8538
7241
5276
5667
7693
8854
10049
10289
13009
6801
5537
12550
12660
3773
13290
10392
12594
10800
13379
12076
5095
11232
7898
12738
12804
12545
6860
10026
15109
4946
12739
9706
14507
9555
13772
7528
12327
12829
9641
10056
10802
14714
12834
13847
12947
10900
8241
9915
9993
6841
12997
14380
8441
14038
13457
10815
10098
8901
13991
10286
2052
12322
5256
7210
7322
6223
7090
6624
11820
6580
10860
7717
8340
9189
13211
10442
8727
11863
9342
10053
10192
11683
11207
7840
8470
8332
14818
14752
12944
14303
14224
6229
7237
13194
12360
14249
8992
9318
9697
13901
2213
6306
6896
12952
12269
12240
11761
6214
11554
11257
8345
10835
8943
12348
12596
12844
13362
14122
15173
8639
13897
12532
9556
14807
14988
8558
10048
13728
13059
9043
3005
12177
3861
11533
4887
13372
11673
13608
7115
4381
11951
12691
14437
15004
8445
4405
12383
8872
7965
11424
8673
11812
8164
14562
9652
11283
15006
8394
12677
12818
9807
3035
13356
10243
2494
10901
12988
14854
9341
9737
14175
10047
9750
9096
10332
12633
4581
11788
4429
8017
8178
14655
10277
2111
10141
7750
10134
14951
9606
14372
13495
12128
12376
13878
10177
9146
11795
7767
9788
2178
10131
13361
6876
12073
8362
8771
9345
9986
11045
13688
7198
8804
15190
6178
14174
14685
9489
15024
10447
14197
11336
7131
10842
14144
12560
13658
15217
12543
3047
5652
11972
3899
15153
11915
2195
9273
6503
7473
5820
11771
13208
9012
10534
12923
12334
8418
6545
3472
8955
12541
8832
6282
9280
10258
14046
14990
7689
9938
9884
12885
13046
14006
7944
7994
7253
8280
9749
5064
11006
11041
9011
9817
15161
11704
12211
7603
12016
14050
7816
9304
14156
13947
12827
12289
10861
4060
12657
10169
8944
8908
10327
12098
8136
11728
7620
13959
14486
14666
12920
3603
9327
10456
10368
13788
8991
7745
14416
12428
12989
15039
6175
9753
14962
13689
7690
12638
14927
12601
8210
5859
12623
10150
7778
8881
6357
4557
5693
9498
11749
12806
7639
4341
13445
6799
8240
9354
2248
8137
13974
8722
8664
10114
12704
13653
8962
10389
14342
6107
13949
9290
11259
14466
14710
7924
15007
14703
8088
6428
3004
9614
13316
3713
10885
3672
14764
8475
9254
13664
13168
2272
13681
7325
11700
7645
2988
12313
11737
7076
11324
4863
4891
11219
7160
10021
2108
13318
4414
8744
11940
14836
9174
8267
12812
12040
12107
14375
8678
9115
8061
9403
10865
8626
2109
15123
12000
14605
3368
11930
14855
14532
5297
14993
7736
10837
13482
11511
14073
7679
13730
8742
15096
3114
7865
8294
8182
8357
10975
14394
9903
10981
4530
7118
8274
5862
3647
11000
12613
3538
10909
15193
8452
4064
12798
7120
14489
8329
9438
14691
12737
12109
12385
4545
9751
8835
9551
8979
12566
9503
9866
5753
9134
3890
6221
5200
8729
9053
8225
9097
10022
3477
13441
14932
9198
8817
14987
10457
2425
14001
12774
10403
4886
3718
14445
13303
13992
15179
11847
13731
10070
9196
9708
10414
9655
11188
13321
4609
12352
13110
14582
6435
14047
14587
3382
7892
13447
11535
3658
12323
9679
13192
10806
12094
12908
12089
12358
14415
8622
7990
9610
10380
15038
2044
8297
14025
9512
12263
14850
11780
14377
13149
14647
10896
8972
11895
14581
3761
11304
7215
6903
15069
4534
13397
5807
9666
10441
8224
8585
4860
6366
10324
10426
3357
11748
10586
7187
13659
11822
8279
12981
9225
5739
12878
12571
12349
13400
10069
9004
14112
4680
13418
10080
10287
9873
8383
10160
10067
14975
11890
14574
7252
9145
13308
8337
3752
14848
11242
7116
9020
10262
14982
7923
9251
11183
11541
7225
12946
7805
11524
5101
12233
13434
3829
3776
9220
12846
11171
4894
7588
10323
14440
7213
7614
6212
8724
2089
13024
11506
3834
7848
9509
11965
12644
7963
10244
2055
8963
8374
10386
2063
14972
8994
7266
6205
8304
9886
6430
13399
12742
7676
13212
12931
13511
7463
13643
14968
12340
4382
14664
12909
11299
3634
11785
12337
8253
2288
8936
8110
14442
5202
14110
7951
8205
11698
12194
7927
3759
14978
8998
13061
14193
7216
8049
13175
9317
9687
12002
14762
3685
12826
12079
12335
10884
14641
12637
13360
13499
6524
14137
3646
13513
14815
12836
10812
8810
13509
14701
8607
3620
11350
6863
12554
6923
11160
4541
13008
14657
12937
9546
12534
9279
7663
13437
3956
3770
14226
3651
11544
4912
8277
10068
9856
14517
12655
14136
3867
9425
12971
14422
8946
11975
10951
2239
9231
5050
10012
7104
13341
8770
5929
13876
9883
13519
9171
14120
8557
14580
11732
8252
12678
13978
15019
14020
6594
10851
14770
14173
3887
6934
6811
10009
12371
10384
9429
9016
13610
9710
7312
12336
13563
10775
9650
10849
12976
14717
12142
8700
10988
6453
12673
5813
12632
7851
9694
10057
10124
3676
3339
9646
12843
8562
14650
10894
11948
13131
14262
4416
7107
6308
7705
12288
10165
12859
14954
13880
14700
3338
11874
9390
8964
10964
6859
5867
8779
14191
10136
8814
5248
8314
11224
8878
5650
14618
7732
11247
5544
2802
12301
13912
3003
11055
13209
8765
5953
8931
8560
3742
8149
9736
5079
10335
13824
10196
14500
4326
8368
13752
9422
12926
14591
12881
4434
9214
13942
5066
14512
11525
13822
7863
6862
5630
14576
14546
10145
14940
11265
9270
8807
11241
12325
3901
6105
9843
8668
11192
6790
10283
9669
11326
12948
10206
9566
10092
7264
12380
10006
12113
11759
12278
9538
12220
7774
12485
8638
13029
12712
5081
14632
12771
11952
14659
13910
10943
5055
7775
4358
2497
8978
14575
9023
9351
14242
10869
10790
7669
14667
12368
4881
4542
8646
9730
2062
15121
9289
9177
13425
7117
11909
10276
12537
3728
10052
6423
5270
15100
13004
13986
5330
8370
8262
4123
13849
5692
10062
8027
7149
10925
14048
7890
6877
2755
5413
13343
8785
13108
7666
12527
10472
13546
3467
14721
11729
13874
13304
14886
9331
13647
12645
9435
9297
4229
7148
14974
12106
15048
10880
9418
11029
4859
7993
9264
14458
9630
10086
8786
4354
4421
10870
2104
9360
11375
13667
2235
12224
12540
13450
11752
9336
2555
14870
9014
10946
11517
12791
9634
12840
13351
7659
14141
12187
15125
4353
13963
10451
14830
8961
14556
9314
8389
4375
10046
4436
9547
10356
12291
4415
2271
9269
11296
14431
12671
11330
7310
10319
12141
14935
10051
6433
14654
13650
14085
14273
12270
8984
7471
10552
9588
10010
10805
7629
15171
11770
12653
12084
8749
8564
15218
3873
3897
6338
8465
11708
7727
11777
5106
12709
9618
12329
14070
11907
14930
9907
13011
5856
10875
12338
5078
5805
7842
14828
11871
9497
2212
2228
5240
3772
12967
14616
14425
12663
6556
8286
6927
3391
10363
14827
10396
11054
6283
5647
11303
12279
14880
10867
14157
5198
14952
9798
6552
2752
11359
10903
12627
10112
4438
8223
7756
2257
14594
10773
2245
10106
8891
10126
9133
9877
10930
5629
8071
5815
4868
10312
12284
12650
9516
9223
10076
10147
11555
14235
7314
11522
8272
15113
10373
10041
14847
12319
12719
12626
7221
10890
12659
12871
6542
14941
5868
11922
14607
15117
9802
4078
14011
10991
9756
9550
11165
6641
14265
14894
14332
9917
12970
11727
7199
6748
2975
10796
7464
12777
5210
12032
10143
8739
15009
6875
3387
13972
8021
11162
12362
7218
9237
11781
9984
8799
12984
10071
14887
14874
8750
12082
14681
5058
13028
11186
9668
12183
10950
9356
14378
14989
14182
13056
3311
10463
12246
13169
9301
12708
11793
5695
14180
8573
11180
8307
8879
7813
12580
15194
11226
9889
13953
11760
8039
7162
12203
9183
13225
8667
2924
8412
11798
13801
14684
14984
9743
2054
11494
8589
9038
6745
8127
12054
4440
13682
14189
13021
14320
8494
8493
11872
9095
13684
7725
6408
13938
8808
7472
9335
11963
14740
9789
13016
14884
14225
8335
9532
11826
3628
10369
11976
12103
12185
10146
9775
12548
8342
13543
11789
14452
11531
9996
8777
4402
11043
9755
6525
5655
13641
10138
14677
12891
14501
9398
13933
6926
10987
12898
6746
9990
12837
8517
8444
12275
7231
12883
9511
7680
13403
12772
5744
9675
9252
8271
9696
13809
9310
8060
5860
6533
5412
11702
11056
7594
14869
12919
13200
7644
11231
8166
14796
11172
2191
6516
6106
10792
9343
13094
13617
14931
8630
14022
13642
12441
12965
10348
10785
14567
12200
12713
13792
10838
11739
6468
14957
11431
3753
10309
14402
13019
5760
6809
13233
2580
7814
6242
5660
12483
8705
12347
12973
7601
13517
8520
8967
9306
10083
12162
10236
12525
6409
11747
11177
9337
8757
9738
13790
12066
15014
10172
5690
10293
11730
7849
7660
14875
13093
11811
13421
14222
6486
7111
9901
10781
8813
4215
3405
9530
9977
7571
10065
8641
6161
8455
14496
11216
10355
7320
10437
9691
9482
7315
13012
9571
10921
9923
12863
12381
3844
4376
5244
14728
10322
13582
8453
12217
12552
7240
7932
6292
2070
12252
9707
14727
10782
3865
14842
11931
8048
12589
8753
9891
12208
10161
8068
12451
10129
10846
7195
13514
7214
12033
7544
8519
11508
8977
8772
9500
11521
5645
12077
10091
8319
13493
5769
6413
8215
5557
8903
11794
9839
6329
8583
2051
5209
11384
12318
13950
9831
10443
5842
7706
7738
8263
9742
12425
10228
11264
13662
5273
9794
2796
11945
13913
12957
13966
6563
14459
8265
12690
9375
10948
10395
9548
9160
9611
4599
10777
11772
6417
10237
13428
11470
11734
7122
8295
14665
8890
3774
12894
12377
14921
7637
2950
9363
12175
8052
3746
9744
3468
2071
9759
10238
13881
8355
9426
2493
12735
14503
7684
12256
7503
6054
6412
8769
11198
14349
8285
7742
13137
14761
8344
3519
9997
12102
13430
11467
10301
10816
12768
14843
9224
6342
15226
13309
8451
13982
9914
3771
13516
8516
12830
2107
13104
12083
13152
13442
11924
13977
6420
9002
6387
14066
6902
12993
8190
13735
13612
8880
9502
13435
15115
6436
13095
12299
9809
12889
13305
13170
11311
14998
11753
3375
11927
11903
13494
4583
9006
14624
9000
8026
4540
12470
10000
13390
7478
14306
7671
14494
12766
10864
9323
13201
9636
9284
11270
15061
13804
7248
11376
7190
14718
2214
7841
14983
11912
7230
12186
4124
14743
7674
7183
14897
9305
6805
8734
11432
10852
7893
14266
10162
4889
14859
7850
10153
5222
5707
14010
13780
7744
7808
11382
13489
8874
9274
10331
3724
8382
12590
7662
12848
10036
14009
9308
8703
9585
6793
9136
12809
7712
3312
10419
14018
13015
2090
10810
7608
7245
14044
10976
10253
11215
11392
13018
8521
12055
13125
7787
13743
14196
8075
7634
14729
6368
3364
3383
9605
9906
14888
13867
12034
2112
8714
5049
13158
8940
11344
13417
8680
6330
10917
13660
8990
5646
8545
10073
14653
9924
4533
12850
4383
10972
11200
11297
9722
8899
13294
6591
10947
4582
6796
9211
13652
10018
13655
12783
12561
14221
11282
9320
8227
12901
5074
14488
3762
10031
8411
13717
12249
12523
14016
6812
10149
11485
7969
12285
7106
12564
13013
11937
3370
5255
10311
10278
4400
8719
3381
11253
4926
11801
3463
11957
6378
9524
6514
7262
14429
14851
4134
11196
10084
8608
12797
11240
13756
13561
7723
9116
13422
6539
9913
11996
14294
9875
3533
6288
14413
10906
10213
10140
9352
12953
14145
14441
5761
8204
9266
14482
14392
7698
4884
14485
14579
8181
14912
9543
7114
8541
4862
9092
11769
11197
4637
12015
11938
7139
13771
12435
14555
6191
13795
9575
2113
7810
9446
10269
11211
5663
13575
5816
10839
12631
14335
2047
12866
14290
12535
9677
8983
4399
12225
13324
11988
11858
9344
14439
7718
13300
8559
6177
15114
15040
6421
12086
9609
8293
3340
10783
14852
3896
10027
9424
14237
8828
8245
14151
3721
7196
14397
4945
6487
11237
4903
8801
7467
7897
13162
10803
10959
6625
10413
8207
9868
2799
13736
15106
3737
5941
10279
12900
12001
12531
7754
13616
8387
10266
13985
7151
6880
8327
10465
4595
8839
6183
8167
12876
8778
10916
14986
13344
8633
11369
2758
13877
12602
14336
10297
14478
14946
12181
12872
12895
11193
14211
9791
11280
12987
13500
12064
10208
9058
11776
12907
3830
5103
8751
12652
12726
12057
11254
14994
12855
10954
11802
6929
9674
13640
8553
12692
7622
10980
10787
9295
7459
11791
14572
8763
10422
15172
13803
11701
2059
6830
13778
14463
12851
8162
13973
14955
11507
10261
13776
7967
9036
14663
6593
9642
9651
11966
12087
9179
12636
7668
9013
7191
3736
12722
11503
9039
13223
6411
14291
9298
3723
13415
10122
7234
7715
4947
4836
9027
4352
11920
7121
8825
14408
4125
9186
10059
9812
11005
10176
8347
10197
7197
5271
8993
9813
13182
7110
10912
3869
5091
7161
14858
8185
4370
10550
6838
11547
7460
13614
9340
13224
13053
13471
9537
4922
10843
5099
14560
9125
10801
14319
8735
8665
10444
11250
15062
11707
12828
8942
10862
13859
11201
14643
10120
9690
9656
7888
9312
9731
5236
11696
14877
13193
12227
14093
8391
13098
11987
15099
9705
3656
11228
11046
10445
9300
7947
6883
15090
9219
11735
14719
15003
8044
14368
12254
10020
9531
8715
4933
4915
12860
13846
11939
14604
5260
10081
10587
13391
14759
8965
11902
7630
9569
9513
10893
13419
2143
6184
9670
13345
5361
12302
6567
9324
8787
8748
12353
4925
12204
9998
14004
7468
8546
11381
7267
2772
13423
3358
14393
3384
8308
7665
12061
5111
12350
3385
12591
12991
4942
4888
5262
12942
10907
13449
9801
8697
10798
14929
15154
11664
7124
14410
12845
9389
13002
14863
5708
10154
3345
8970
10256
8996
8568
8892
12547
14150
7635
11663
6683
14493
2585
8299
9582
8354
13668
10939
15160
11981
9648
12293
5754
10856
8827
14509
14892
11800
12413
15107
4372
13412
11665
13373
2270
7250
11229
13461
7697
13737
3872
15186
10467
14742
8708
9299
4683
8959
11218
13908
11950
8119
7740
13440
10953
6864
14401
10235
12476
6393
11477
10181
14916
8889
5100
8214
10383
5691
10973
14475
10101
7480
12727
4479
5644
9712
14640
4948
7081
9908
13607
3654
6432
4867
6339
9644
11534
10033
8884
5697
11757
14891
9893
10911
10621
13777
11504
10379
9911
14658
10985
5745
11370
11901
4441
13420
13010
14007
14617
3910
8826
10779
5713
6340
11967
12020
13769
10378
8313
13813
10211
14934
14602
8318
8723
7477
7163
14563
12272
15020
14786
14753
8497
15200
8316
6785
6583
11238
10814
9754
12421
4056
9633
14603
14263
12364
12167
14075
7192
8336
10908
10094
5400
9041
12342
12896
7150
14113
13665
2105
3751
12281
14138
12803
15116
11170
8745
13645
3649
9653
7711
11509
13433
7729
4059
10882
7709
3958
7713
14948
7649
13680
9740
13831
9948
15056
11774
12607
8512
12635
2306
8989
12090
6130
14183
10298
14699
9271
6403
7730
9333
13142
7249
14436
14824
9005
12682
12702
5088
10142
14559
11164
8980
9657
9766
9325
10280
10115
13069
13716
3882
10961
4913
12740
7643
10127
10039
2751
14724
5116
6833
9784
9176
8059
5700
15219
11372
6898
9265
13407
11964
8300
10310
11844
2582
9881
11244
2496
7734
9138
13592
9033
7229
11182
8179
10019
11849
8235
14399
14958
5283
4231
11251
7238
11190
8129
10969
6536
9983
7591
10152
7937
5063
3832
5756
13644
15060
12676
7768
9296
14254
9007
10920
11168
12069
8440
12980
9732
14999
12731
11423
6561
13557
14548
14271
7943
7786
9307
9774
13431
6541
8331
9590
11875
4883
10175
2923
6156
12489
14491
14712
2110
4579
13870
9595
6623
11825
10089
12231
6230
3622
12439
3122
7640
8326
12518
12874
8643
11181
14757
14551
14871
14008
9692
7247
12664
13890
4819
11870
15128
5651
9625
8406
8413
12114
10412
8376
3868
14942
6544
3864
14179
12290
4335
8575
11885
15174
6445
14497
9315
7752
5415
13975
12427
9082
13485
11179
8175
15089
3373
12933
8780
10963
9253
9747
3386
8609
8501
5925
8587
14250
11351
4931
2231
8725
8449
6848
11959
11202
14287
9238
11002
9520
12214
13914
6551
12104
14713
14334
15002
13797
9797
7259
13732
7748
6424
5396
9486
12805
9995
14938
12629
7254
3712
8625
6467
5743
2067
6554
14596
6369
13998
14973
9485
5831
8812
7925
11288
3462
12070
10374
4923
2238
12068
14943
9432
15005
9723
7891
14379
13490
13160
14155
7146
8820
4556
14406
9044
14876
10360
10303
11175
12267
11861
2114
13472
3862
11941
7457
2103
12003
3680
8624
11189
5269
7201
9268
14210
6854
8647
8838
10110
14132
8231
9800
10330
11373
12661
5082
11353
8315
8574
11347
11246
11657
13346
5817
2144
10910
6684
5765
5272
13860
8282
13386
15021
14569
11271
12063
10304
5118
12945
3502
7940
12025
6792
9725
13195
14723
4319
10357
7781
2928
15081
5245
7641
10871
11334
8367
7702
5215
5555
14484
8261
8855
13492
6218
14508
11550
2061
3399
12776
12940
5711
8682
6913
6879
9216
11712
9628
14286
8364
10886
12375
7269
8290
12796
15192
3720
9329
11979
14595
8733
10833
3371
9157
12734
12309
8821
12466
13889
8634
14642
10367
5337
15041
11310
10385
13823
15159
3740
5766
7260
14545
5541
8861
14504
5258
13739
8819
14433
9283
11001
13465
7962
11479
5257
13782
3623
12043
3744
12493
11756
10958
6901
14917
12856
12436
12831
12378
4069
7246
11699
2424
14866
7466
10135
11209
12354
9215
11472
8266
12706
8791
11166
10797
13452
12280
10868
14660
9772
12625
9557
3469
12053
14547
9589
6377
11184
9396
8774
8276
10778
9094
2064
13045
8063
14395
13446
2246
7209
9822
6540
8982
8275
8605
10874
12230
9187
5110
4560
14344
13033
12795
13507
13951
3666
8699
6438
11821
12764
8740
13092
12649
9101
8570
13848
8351
8707
13384
11796
9288
12729
14116
14823
8197
8934
5018
8022
14923
5223
5097
9947
9709
12494
2193
10035
5284
13117
8163
14964
8860
13153
10291
13405
11497
7882
7308
10382
10117
7941
13520
8887
13128
7317
7772
13392
14409
13027
6870
14744
8239
11929
6839
11258
7235
11185
9944
15059
6836
7474
8036
14114
12297
10960
8211
12539
11427
12056
5715
9608
12192
7132
8822
9126
8968
11178
13348
14510
14340
7147
13306
5087
9515
6176
12129
13088
5924
9685
12465
7236
12138
10840
11899
10125
10302
2418
5226
8905
13892
11204
11803
12361
11983
14676
6842
2037
5002
7223
9681
10090
10281
4823
5607
8259
12815
8184
12420
11476
4066
4148
8856
12857
13981
11371
13488
14734
9836
8217
14801
14461
6405
4628
3725
6520
6213
5368
13858
14390
12603
12366
12648
8317
6562
8926
9367
11034
7930
4928
2088
9999
4437
13105
10588
14178
5108
9316
6930
8873
10464
9484
14608
15070
14565
2085
14511
10139
10284
13508
9672
10905
12620
9052
12206
15031
13448
8640
10411
13651
13807
10996
14911
8973
9734
3627
3461
10944
14438
12592
7194
11333
10857
6932
7298
13968
8577
9829
4325
10349
10993
7465
12030
14381
8726
9799
13753
7839
11223
7733
6418
12799
7075
14269
10924
10454
9128
5661
12028
11946
14687
2060
11530
7222
14557
13501
14612
5762
13946
5639
12005
4403
8588
10230
11660
3748
7945
14722
3465
11865
6407
7232
14882
12209
13439
11684
6266
14671
2119
9985
13023
3322
8388
11765
9030
10804
8401
14414
3625
12488
5798
14398
3653
14697
12067
15074
7966
10148
10336
15165
12088
11425
11383
3710
4561
7722
12484
9728
12452
4478
10011
14513
13506
6238
9445
12444
8747
8794
3733
12522
13815
14878
14924
7811
9046
12007
12312
5603
12344
14460
3471
8360
12250
14925
7793
8260
8923
4864
9662
4586
6462
7134
14620
7307
10007
12716
10043
12943
15195
6570
5339
3320
14839
13879
13733
9719
12941
14203
15052
13960
14021
12599
13540
3837
12100
7751
13253
10171
13409
14979
5072
14107
14544
9635
5664
5364
14913
13527
13001
11968
8840
14333
7755
13188
11269
6905
13893
9518
2043
10066
9355
2247
9757
5065
14347
7582
14826
12472
9332
13314
12457
7792
9204
7261
10970
12994
8228
10435
15149
15022
7642
14411
12396
12529
12189
13832
12081
8257
9313
6795
11733
12767
10144
9302
3891
5936
11037
6740
7844
14490
5951
5814
9563
11214
12143
12646
9514
8871
10350
9508
9029
2641
6179
6797
6307
7673
14771
8906
13393
2368
14074
14622
6290
8836
14223
13720
7610
6414
9773
2460
7895
10151
2384
7304
13298
14371
14426
14033
8981
12197
8681
13453
5939
12503
12467
7997
13683
13816
8581
11462
11217
3757
12105
6371
11787
7112
9841
6578
14220
2430
14765
11468
12929
11973
13454
9741
14864
8938
8343
4693
7531
3400
11592
13666
14853
14028
9761
12838
3536
5704
8796
6287
14598
12303
13413
14614
8830
8020
14531
11367
12273
12598
9420
15120
7724
9423
8565
14505
14435
6581
6519
10891
8738
9598
4431
7971
8067
8454
12118
12331
12530
14298
11936
7324
13896
14683
7208
12464
6546
9287
8885
7958
13783
9248
15196
12715
8306
8070
14153
14709
11426
14905
4866
11493
4653
10780
7476
7678
10050
5686
9505
13118
10853
13025
8350
3125
4924
8247
2153
9048
11502
12825
8897
14135
14255
14012
11913
9427
8062
14061
6363
10082
6215
8985
9025
5800
8997
14343
3745
11233
12355
9716
5242
8694
10809
5372
12050
9869
8768
9811
3727
10132
12282
13107
14933
11040
8203
14369
11023
12697
13060
12018
9417
13380
14404
6547
13656
13729
11914
15148
12316
14419
14583
7847
10460
13898
14259
13984
8976
10004
9226
10471
14578
2949
13388
4558
8399
3532
11742
8361
8302
12705
11187
10897
8064
5717
8417
9808
5653
13096
9717
6410
14844
6444
2066
5767
7758
8803
9942
9700
13857
6532
10436
6548
8066
9282
13685
8893
9357
8974
14995
14799
3881
4507
8393
9945
10983
9365
11843
9258
10990
8852
11928
8660
5802
13882
10321
4941
13988
9667
13462
8352
14686
6526
6800
10440
12802
8047
6791
7490
15164
10375
15012
4379
8922
9141
13558
6225
5402
8193
8395
10267
4377
10285
11750
9249
9034
12579
12253
11213
5076
13554
15111
10249
8375
11523
13611
10340
12892
4132
9820
12674
10979
11380
11176
15098
10971
7600
12406
14867
12168
12517
10585
4516
9876
5084
7922
9090
11906
11234
9912
10191
10855
11529
11421
10999
11989
12434
2422
7109
5626
12877
8467
8650
12853
14584
15206
3838
7985
5263
8402
15163
10468
10889
12091
7795
4892
10937
5641
9921
12332
9416
13291
14143
4406
9496
8601
9698
9688
13497
8623
9152
12363
6394
11845
11230
5112
10353
12511
2242
10188
7319
14695
15185
12949
11352
7815
14649
15054
9064
8816
11386
12418
9676
12605
10054
13734
12654
13342
14264
7572
13144
13320
3747
11298
11365
8883
12651
6895
12170
8041
9878
4890
8456
6789
10914
7193
10938
9724
13976
11169
12533
7140
14619
14573
12017
14554
10866
7586
14810
8767
11881
12373
14634
10157
14841
8701
3936
13657
9197
8876
12906
12223
11944
9291
13687
8702
7088
12059
3124
8632
11496
6319
6512
12899
3537
10879
13007
5810
9202
9229
5062
5080
15147
9206
7677
15198
7955
13122
8312
10268
7687
5274
10014
7587
11923
9645
12049
5401
12226
12333
7682
13034
3703
4230
12520
10343
6897
12810
12755
7953
7726
11883
13871
8151
13374
13808
11980
12097
8563
10209
11681
14506
5347
10836
10246
7469
11627
12995
15097
10431
11910
12041
8188
10966
12216
5020
9054
3785
9172
2798
14577
5218
11167
14293
7675
4369
13270
8542
6914
14348
14267
6891
12873
5092
13126
9319
10178
11982
11471
5068
12045
4488
12675
3369
11864
12248
8173
13906
8324
14034
10450
10270
11482
4373
4627
12968
12268
13377
8242
6448
12707
8246
13990
13502
10415
6543
11500
11807
8824
11995
12721
5803
4916
12343
14219
12324
13429
9793
12036
4515
12956
9554
7180
3633
9063
7852
8789
5932
12897
9988
8474
6921
9281
10377
7200
11659
8621
11859
8359
12681
9140
13172
5348
14963
9629
13531
9525
3845
14321
11289
12700
9132
13888
6216
2232
9715
10774
10105
4539
6182
13464
7728
9727
7589
6935
8717
9682
11743
11953
8758
11293
14341
9278
9292
8473
6928
2079
7826
13691
8226
5051
4378
12927
12833
11808
12839
6187
6626
10808
13632
13943
9205
11377
12832
5336
11194
6916
11622
6744
11971
15112
10337
12914
4929
8443
12456
14278
11335
5107
11445
2794
11784
11249
4871
9581
11682
10793
11943
12595
14192
10448
10347
11877
10974
9654
13385
8348
8037
11969
9649
10899
6553
7595
3819
14820
13484
6341
5243
12542
2087
7188
15126
11173
6434
12665
9437
12581
14646
3711
9765
2427
14417
7938
9230
10362
7311
9746
9322
12176
10952
11227
5352
7954
14302
9785
12255
11876
10811
9328
11869
12408
9049
3847
8987
15000
12670
12924
12307
6325
12854
6890
14769
3836
5643
11243
9051
7681
7960
11947
10878
11851
8741
3957
7609
12668
7173
3683
12296
9591
9683
10962
8797
10093
14651
10915
5225
9790
14949
12951
14865
5657
10402
14928
9175
12743
8471
11984
6798
15073
6537
11916
2244
7462
9326
3760
11210
13350
2057
5702
12515
8662
9369
2589
10164
11221
5114
4435
9976
8209
8805
14420
3329
4327
12258
11161
13787
14922
11823
5217
13352
10872
4367
9900
12379
7688
7145
10260
12912
12820
13189